Below are the vertices x y of the 5-d cube:
 60            12 
 92            12 
 85.88854      30.80913 
 117.8885      30.80913 
 69.88854      42.43381 
 101.8885      42.43381 
 95.77708      61.24294 
 127.7771      61.24294 
 44            39.71281 
 76            39.71281 
 69.88854      58.52194 
 101.8885      58.52194 
 53.88854      70.14662 
 85.88854      70.14662 
 79.77708      88.95575 
 111.7771      88.95575 
 27.50134      17.73038 
 59.50134      17.73038 
 53.38988      36.53951 
 85.38988      36.53951 
 37.38988      48.1642 
 69.38988      48.1642 
 63.27843      66.97332 
 95.27843      66.97332 
 11.50134      45.4432 
 43.50134      45.4432 
 37.38988      64.25233 
 69.38988      64.25233 
 21.38988      75.87701 
 53.38988      75.87701 
 47.27843      94.68613 
 79.27843      94.68613 
