Below are the vertices x y of the 5-d cube:
 36            15 
 65            15 
 36            44 
 65            44 
 56.5061       35.5061 
 85.5061       35.5061 
 56.5061       64.5061 
 85.5061       64.5061 
 15.4939       35.5061 
 44.4939       35.5061 
 15.4939       64.5061 
 44.4939       64.5061 
 36            56.01219 
 65            56.01219 
 36            85.01219 
 65            85.01219 
 62.08         21.98811 
 91.08         21.98811 
 62.08         50.98811 
 91.07999      50.98811 
 82.58609      42.49421 
 111.5861      42.49421 
 82.58609      71.49421 
 111.5861      71.49421 
 41.5739       42.49421 
 70.5739       42.49421 
 41.5739       71.49421 
 70.5739       71.49421 
 62.08         63.00031 
 91.08         63.00031 
 62.08         92.00031 
 91.07999      92.00031 
